2293460
2182523
2391106
1721982
2410154
2408548
1532669
2144038
2241592
2293737
2293737
1926480
2156980
1494892
1840117
2417782
2388627
1726884
1591796
635335
2036756
2391124
2410156
1064272
1403349
1051233
1558041
614332
1599616
582828
2293601
1868172
1865421
2020341
1070584
2406309
2406309
1569079
2393655
2411487
2411487
2296817
2413891
2411480
1861009
2185718
2626504
2442302
2314007
2243149
306857
2471862
2210663
1652235
2190996
2456103
2423731
2411461
2423593
2392979
1992867
2182593
2413912
1940469
2456013
2456013
1827327
2442306
2423586
1807587
2456106
2455875
2237899
2423733
1738926
2423752
2430985
2391092
2411713
2411466
2413887
2423706
2413836
2250088
2456115
1405866
2560839
2423564
2472005
2559032
1879399
1879399
2388624
2084942
2084942
2391133
2320212
1978923
2392933
2391116
2471907
1074884
2410160
1956716
1978761
636127
2425626
2425626
2156952
2323379
2320210
2411485
2411485
2399198
2411459
2368373
2417781
2417781
2456001
2327638
1402347
2392977
1926476
2431464
2392949
2295263
2396825
2456093
2325377
2555164
2411465
2489879
2456130
2392988
2406450
1718739
2539136
2442196
2260324
2238915
2238915
2423759
2392983
2392983
2554995
1567520
2456109
2429065
1519449
1817748
2413895
2423730
2455885
2036795
622954
1415390
2560909
1978951
2392991
1068635
2409756
1405986
1405986
446979
2456100
302998
2396832
2559016
2411481
2447142
1676372
2456018
2388609
2410155
2431460
2456004
2456004
1753620
1753620
2100488
1912846
618538
1996765
2055982
507062
2442305
2412027
598212
1415300
1415300
2282371
678674
678674
2399205
2147518
609971
1558126
2484001
2406287
2409788
2456118
1629654
2235493
1601377
1402342
1629398
2413934
2455883
2393659
2087338
2431000
2391089
2367782
1415409
2411450
2455889
1726921
2391131
2456105
1890434
2471696
1634103
2423598
2020307
2455375
2431279
1446862
1415412
1985227
1586232
2411470
678325
2456097
2560897
2293646
2402201
506944
603611
2455858
2537521
647953
647953
659495
1861070
2296992
1464524
1464524
1511729
659557
2442308
2442308
505858
1412545
2058089
1446915
2456111
1959115
1959115
648675
648675
2391112
2020305
2519874
2267506
626604
1146883
2431375
2401579
1504050
2391105
1215435
1985221
1307981
1757183
2456000
2628066
2455877
2456141
2557226
2456101
1749415
1403396
1978846
2423707
1761366
2455890
2489883
2455852
582919
1222818
1222816
1215443
1215754
614873
1069282
609947
2047979
2156937
2519791
1629695
2456012
2388677
2517823
1854590
2273295
2273295
2456088
1940375
2456014
2456139
1655614
1494878
2456091
2406242
2243212
2625113
2574138
2243223
1953331
2559022
2470157
459764
2432973
1990142
2243211
2243209
1845920
2456099
2455862
2470167
2456143
1402302
1402302
1453545
2485988
2471826
2511955
2455887
1915227
2625073
2560744
2571712
1405917
1761428
2560904
2485519
1726878
2455873
2491222
2456136
2456136
2537450
1924544
2423590
2410162
2410114
2257312
2070461
2519869
1877286
2560834
2565811
1954359
2471844
1782899
2410166
2392985
2237901
2455406
2405478
2206570
2565797
2456124
1992895
2491223
2437200
1639794
2625194
2423277
2418046
2625095
2575756
2289325
2422493
2064359
2459247
2555049
1415297
2471842
2190997
2511958
2471822
1402402
2447508
2426515
1417740
2391127
2559038
2425494
1412528
1412528
2097913
2551758
1115735
1985252
2157978
1459553
2560800
2471894
2325274
1591810
2472085
2456125
1638217
1984923
2410169
2537461
2537461
447183
447183
1751196
2483894
2209213
2036715
2419550
2559028
2638082
2428989
2432969
2089174
1942579
2374643
2471765
1567562
1936172
2555070
2374703
1801739
1968896
1652263
1454692
2544540
1652159
2616194
2616194
1940318
1402372
2635542
2635542
1836574
1131104
2559009
2559009
2487496
2512384
2455866
2410161
2571711
2575698
2276480
2276480
2560761
2560761
2625100
2517994
1422560
1936161
2625103
2555185
1115737
299582
2628091
1415391
1415391
2180847
2156986
2569714
2626511
626608
2156941
1403441
1790352
1403466
1403466
2555069
1877317
2408390
2555144
2457871
2638430
1974526
1829270
2484028
2555172
1786630
2005002
2625023
2147720
1586387
2559019
2559019
2442868
1836741
2625026
506728
1235336
1235336
2560895
1638274
2555158
2440607
2417671
2417671
1497068
1407660
1532683
2626508
2574090
1985174
1985174
1778072
1836542
2560742
2560742
2051832
1447059
1447059
2555181
1392594
1447054
2628086
2556475
1753623
2588877
1203550
2632398
610186
1952031
1548736
636130
2422506
2560893
2625132
2471843
2560910
1406026
1519568
1519568
2232614
2393130
1532809
1532809
1846092
1909467
2092124
1519482
2522760
1932870
2626366
1906900
1415373
2454103
1405884
1405884
2393334
1737979
2628073
1836660
1575997
1575997
2625086
2626502
2626517
1447051
2626533
2625107
1797708
2555041
2555041
1415299
1999632
1999632
2143716
2082555
1884830
2624644
1494871
1494871
1415282
2456144
1415363
1761419
1749855
1831270
2138564
2638428
2456090
2456090
2625096
2625096
2411463
2635464
2560891
2560830
1164346
2344368
2156939
2519855
2456108
1871723
613335
1412535
1224151
2456127
1967323
2520392
2621636
1231802
1231792
2582522
2633355
2594441
1940315
1962801
2399252
2235656
1629662
2413883
1786626
2147541
1972921
2156938
2082466
2047956
1215371
2456086
2456098
507035
2321378
1131131
1673276
1897114
1403352
1204052
2555180
1199130
1199130
647498
1952082
2431374
1926420
620224
647978
1203604
648671
678549
1209583
601600
2057953
2007943
2625062
1836695
518438
518438
1636130
2393329
1151236
2141721
1417759
2027030
613333
1771318
1868181
1924413
1468397
1215839
1522894
2526599
2526599
1218288
2487368
1990224
1990224
1215437
1221004
1221003
1652342
1748870
1504188
1504188
2082585
2262529
2411349
2519802
1978888
1574114
2453838
1491449
1649193
610309
2456137
2456137
2455460
2190774
2190774
2560900
1629401
1403371
2033661
2082567
2143607
1777942
2040391
2422509
1224167
2470172
1761261
1051701
2156977
2156977
1591844
1771332
1909403
1924494
1487883
2520386
1890394
1924459
2455379
1459582
1992838
2485986
2082526
2425732
1890414
2455390
1235344
2337368
2271597
1487637
2485500
1985254
2184026
2184026
2524776
1383293
1532862
1532862
1586260
1655503
1655503
1999684
2396790
2396790
2623829
2456120
1487760
1415311
1827227
2425699
2425699
2483865
1415304
2456131
1468482
2293600
1639779
1974479
1959076
2117370
1849878
1235565
1235565
1591885
2060314
1494758
2088571
1629578
1897102
2470144
2408185
2621022
2020361
2455860
1952221
2100615
2616359
1972893
1972893
1996875
1655484
1827290
1831324
2325184
2327608
1985003
2408327
1532773
1532722
1545337
1865367
1221838
1532720
1532721
1468538
1537584
1537584
1974613
1403386
2040286
1909561
1049428
1634117
1786609
2408277
2374593
2374593
1771316
1048441
1845880
2051879
1936232
1403311
2524804
1231805
1865470
1887863
1968813
2004869
1732473
1926530
1978744
1985215
1985215
1494913
505763
1643189
1801831
2055999
610188
1219989
1219318
506540
1805645
446978
2138793
2138793
1402288
636269
2061601
1115727
585368
596652
623330
506246
585849
454094
307298
307300
302986
302986
597999
597999
678699
623332
1064528
1064528
455615
472374
621472
676308
1064296
504850
1392150
1050876
583312
610911
614283
614283
300598
576913
576913
307297
307297
299595
578247
505782
1064284
1064519
573135
1048361
502092
1064514
605674
585386
472386
612631
2033977
2623828
1908336
635199
2456112
2472076
2182608
1231372
2456138
1519408
2524964
2147708
1956782
1417746
1227886
1912885
1204974
1204974
299589
308226
1131130
596546
301914
301914
596890
447178
1108249
456163
575942
1413299
301769
307303
1403403
1403403
1208415
1208620
1111240
307522
1111183
301765
306057
1208414
483185
1050609
507025
1522891
661306
589546
1052748
1069905
1069902
601604
619061
1070495
306091
306091
1378751
1219208
455659
455659
634672
582516
454865
609940
307500
1208599
505661
299746
1409684
612629
613636
535935
535935
596551
307544
306867
305073
305070
614763
2143712
611312
1940383
614507
486950
306912
1405818
583484
504830
504830
609957
301896
1064327
583631
506641
506641
498944
498944
609949
506946
506946
610142
505766
678551
1229305
1229305
1203583
307515
610051
610051
777354
777354
505722
505722
1101015
1203585
1209585
601407
1101035
1209584
1307977
1014107
609950
506749
506749
543452
610239
610239
1068816
1068816
1723741
1050168
1405946
306490
1049464
610097
610097
601861
1384285
1419782
1048597
583440
1912680
678599
613340
601391
543348
306296
1220676
1068826
582922
552323
610147
301757
1220674
587921
613329
613329
1114658
1114658
507071
1846505
1145924
1145924
1049154
1146018
1419779
535896
535896
454090
307548
307299
1407604
506186
568909
583070
583070
1048342
610148
454095
454095
778602
582202
1221016
446970
620614
306869
620052
446972
610161
304366
1048343
1378900
1407711
456042
305077
506484
506484
446974
1405876
307426
505544
505544
614337
582715
1148944
614607
483643
483643
618989
301027
555017
504920
1068531
1068531
634464
634464
308279
1200026
505715
1069158
1069158
446966
307410
610203
610203
1069297
498332
299748
299747
446985
614675
1068868
1209774
1845911
589891
635219
610270
305074
585388
305076
305076
620253
1131139
1131139
609970
603678
622230
1926504
506083
1400434
1155399
582923
1195406
635234
635234
1403362
504858
610146
678720
1090321
1419757
506302
487139
1068794
507065
1068809
505752
505752
1220703
1064293
1064293
676314
674538
1222077
506953
505745
608245
598022
598022
878541
878541
536062
676954
578249
1418795
1146932
1146932
1064078
1064078
583072
1147178
1147178
1221005
1216289
635303
613349
1405959
596882
1231404
1405862
1308782
446984
582898
613537
454091
446987
535947
1147168
504795
504795
597060
597060
1235646
506929
601393
1062004
676932
620160
611311
611311
614573
619996
535915
582201
596797
601397
1049509
647413
1048467
596938
647493
624430
1219296
583310
583310
536052
1400442
637689
659561
674186
596925
596925
1216411
1113031
648129
1219205
626699
1203544
609982
1926523
631608
1215762
610994
610994
1448407
1220702
626037
609964
623043
623043
1204291
1048483
1209592
598003
1629603
602801
1639787
1883330
1946418
2455300
2455307
1652160
1745975
1973048
2453968
2455306
1652161
574442
574442
2055972
2040301
582711
1209769
583059
1131099
1131099
1204035
621473
305072
679134
1409557
1768927
1208636
1208636
1203586
1231223
506643
578251
583065
2094379
1405905
1400422
535911
1215403
1068648
554560
619963
1203630
567162
621455
1048346
1049501
578904
1372787
651364
1944768
1944768
1132252
679122
1406007
1406007
1312553
1209803
674384
1215176
631986
583057
1405983
1405983
613644
573010
594131
573009
1215360
939382
582895
1048565
1048565
1048565
535358
576893
623954
618938
606498
606498
1222799
1222800
609952
583016
1897008
506303
613647
1216399
1222801
597973
597973
566037
676300
621571
621571
534736
585233
1222081
610277
1840155
1069729
1069729
609945
630112
617384
617384
602528
629288
656743
630988
1203567
1068455
506960
623050
618654
618654
582822
589904
1178418
614937
614937
565712
603395
1231252
1068615
2255407
608235
608235
1732474
1204056
651578
651578
1063830
613444
614792
1204174
613514
1069161
586760
1064531
582862
635230
651504
1238022
647980
1652337
1652337
2102861
1952059
614292
623484
1912935
1906821
1146879
621401
1992816
1068845
575893
601710
610166
598239
1220705
1638205
1638205
1748761
673846
1203563
583492
678396
678396
1049500
1063857
1063857
1223532
814661
1068872
648639
1198714
613684
597788
597788
648962
1214543
1147036
1403400
1068830
1068830
1222808
1494856
1146468
1146468
659563
659563
1216293
1786649
608242
1019767
613296
1064095
307675
307675
735339
1068289
1068289
1132422
1064243
1064243
1146459
1396888
604557
604557
1203584
1203584
1231376
1099877
588816
610119
2051804
678550
649004
635302
673848
1146483
1146483
678316
613534
647459
447163
447163
648960
648960
1068839
1146927
614233
1019202
1203616
659564
659564
651501
608037
1215764
1217256
648937
1222803
614636
1383330
659565
603672
1198712
1198712
1223529
673526
635043
1218277
674187
1069915
1215409
1215157
1063663
1215160
1049506
1220707
2391122
1224833
1224833
607462
1068313
1050174
1100994
1048345
649017
649017
1219218
1214537
606579
608034
634879
627522
1069772
613532
678617
1199109
1199109
1204032
1100979
1409519
1146986
1220680
604551
1068620
1068620
1220985
1203592
1405972
634963
1063846
1069781
1220983
1150804
676551
676551
603578
652906
1215392
1215172
1219206
1215396
1048496
1132243
1204051
1204038
1220984
1115842
1990206
668176
1219201
1214546
651101
614410
1131096
1203548
1220990
1208372
1146915
1221257
1068869
1238014
1238014
1146889
628164
1220671
1220671
1222798
607303
1215162
1199108
1162668
1162668
619842
1020292
1450377
1450377
1216429
631902
1145177
656627
1214566
621877
1208632
578903
613796
634389
758163
2033876
2020231
657631
1215834
2056098
1417729
1962897
1574104
1422250
2047818
2625108
2625108
1946335
2143620
2190999
1959258
1909519
2070406
2040358
2138800
1586537
1726913
2455880
1890227
2485482
2182480
2555053
1984963
2559041
1582707
1744150
2296837
302183
1832353
307551
299749
299749
307423
306089
1147605
677593
588816
1836979
302185
310962
657874
1163658
1926302
307678
2026958
2026958
1629435
2237926
1629575
2048167
2040328
1064495
1634162
2036760
301766
301766
1845898
2560899
1447185
1504084
302988
302988
1941547
1447131
2185219
2020840
2020840
1993299
678342
303013
303013
2035838
1581150
1581150
1524462
1524462
676997
1158822
1158822
1119238
575893
1461776
1800802
578903
302999
1600410
1600410
1654265
1901396
1901396
2491209
1827190
2276561
1974456
2117306
1417771
2033757
2033757
2147464
2064286
626814
613530
613530
1999664
307505
1415307
307413
2487490
1586256
1650262
1515040
1491820
2049037
2049037
1201101
1901198
1746008
1028285
2193576
633123
633123
1380080
2021201
1852651
1813817
1774657
600231
1158794
2432969
1147064
1395637
1575657
2089174
1194082
606579
1586270
307516
2401914
2221043
1915234
1999680
2620066
1996887
2008004
1865319
1229306
2408317
307540
446970
1406009
2042983
2070592
1873279
2166027
2166027
1021906
1878912
1400679
1945926
1945926
1590284
307553
307553
1532785
1417429
1487728
1640726
2393160
651239
1778139
1723019
2393580
1409514
2411840
307402
1405926
2442304
754628
1159688
299747
1796809
308019
1936268
1768927
1672511
2364721
1163354
446985
1068797
1395639
1519501
1782736
307372
307372
1467903
299549
653121
614773
307504
2298974
1971917
1409507
307545
582821
303020
303020
584571
506080
307391
2243144
1953326
1068318
1068318
1027435
1402336
1115542
1115542
1868131
1403381
1973083
1968784
677553
1976393
1634166
1554667
506546
506546
1100927
447318
447318
1650705
1915208
307396
626309
2522875
1906856
1906856
2625054
2487492
1801715
1909618
1534033
1019202
570052
2138752
307538
307538
1478708
1478708
2063949
304484
1203601
1932748
1912936
1845982
2100558
1946414
300597
2364928
1652623
659307
567162
1734106
1515134
1536067
1050472
1119070
1926488
2491212
2485531
2485531
2526915
1649195
630096
630096
1402335
1208399
2625073
307542
307507
307397
1528280
627835
455557
308229
1200343
1221798
1871713
1162782
1655607
1672440
1524600
1524600
1064647
1548787
1888022
1050920
2057954
1089535
1532881
1236965
1062750
1062750
504804
1773649
1405774
488786
852070
307303
2485510
1412536
1726873
1912727
1827234
1200824
1221015
1545497
303025
303025
2180799
1912883
1912875
1178428
1740529
1740529
1416568
1877347
307295
1626894
1626894
1389054
1811082
1877346
2511962
2265897
1846151
1021011
1596628
1447173
640180
1405960
1503979
1422592
1992893
1405867
1027697
1956722
1405592
1840107
612949
1854547
650265
1849762
1733741
1852262
507084
1574145
2212676
1652262
1407707
2276594
2040290
1395506
887124
634411
2192038
1422181
1776435
1064496
1745677
1572020
1887987
634443
1402410
1236975
1487441
1507750
307682
1200554
897176
1924519
1407635
1828698
2136668
1810888
1643124
1235846
1924772
1510593
1827810
1494896
2147675
2008771
1520184
1720146
1745751
490894
1019164
866810
446966
878102
649752
1235500
1068817
1936192
307550
661309
1197081
2006356
2039114
1012854
1901597
2471774
614291
1519481
2021749
1420759
2047951
1733781
2138385
1672333
1050889
1100952
1052066
1048584
453307
1406013
1146936
582690
1147025
1196248
2396404
596476
2182469
1405974
1415023
658844
1827221
1236964
1229898
1115886
1115886
1968768
1412537
1946343
1147027
2016600
1973027
1464564
758190
1756629
1960074
1804380
614674
1468038
736371
1220261
1208555
614591
1069045
1047760
2088411
1068619
1966572
455634
1603289
2156924
1405941
1924398
1372790
2329860
1736143
2117314
1519462
1973079
1890298
1832773
1415253
1405999
1063852
1983519
2066968
1952275
2070593
622955
1405975
1063664
2628096
1378906
1485842
2273297
1924142
2243143
2156703
1063850
1739441
2178791
1405898
670693
306873
1147147
1569095
1602746
729625
454094
1218652
596468
651559
2291691
1974585
455622
583064
589889
1401078
535356
1402306
505813
1602836
306853
1440316
659349
2235699
671969
676078
1894191
307513
1069931
651498
1413250
589892
635032
1402414
1950488
1219996
1064078
1634145
583416
1400665
2408362
1048595
2182636
472369
1443118
1443118
1216248
2070585
1936259
2489884
635025
1215804
1215804
634441
784702
651460
1638275
1202278
1724905
1926408
1100886
1932729
1215164
1382858
1315128
1655534
1146936
1532815
1966630
676660
1160091
559446
1115254
581952
1063865
618785
1149257
1024406
1877345
1417440
1507610
1230013
506078
630959
582715
1946281
1447196
661768
1107582
1107582
1231273
1806678
1776463
2036709
1533384
1990213
1791422
506784
1061972
598484
878427
2273293
1230021
2397102
2179326
1865376
1519452
1540329
2087360
574858
1219985
2036767
2291677
2064291
589227
446961
1378896
2068368
1629595
2038723
1405977
1812608
1637150
1926571
1200915
1946444
2033963
1219298
1884945
1231320
1966699
506096
1868062
1849761
1822524
2393022
2408437
1629586
2393322
2138595
1932970
2078596
1068321
634967
2235684
1915275
2483282
2408248
1822497
1952136
634765
634765
1068543
447309
1068804
1405993
1208398
1204034
1131101
1405956
1100917
2138772
2180937
1147183
1629383
2117379
679026
1100894
1231220
1817749
1147033
666523
1402318
1217286
1217286
1209586
1222065
1216284
1216284
1114656
1114656
1238719
1219204
610974
610974
1064467
1403326
1403325
1405877
1215372
501519
1219213
1222809
1996943
1068876
1023202
2020203
675959
1203556
673849
673849
1215397
1146447
1146447
1219981
1219981
2412103
2088313
1224178
1736091
1194205
1629579
1018886
1214551
1307970
1068831
1068831
1215394
1050818
1025908
1051899
2061646
1108288
1028306
1028306
1068619
1048289
646940
1204293
659158
1215829
1100976
639453
1132233
1100915
1198716
1132432
1069892
1068322
1532696
1532696
1198710
1198710
1194090
1204002
1068875
1215366
775710
1215820
1203611
1028369
1215439
1069349
1064669
1064534
1107575
1069310
1100920
1204004
1400500
667457
667457
631656
631656
1221227
1214559
1068624
1217401
1049467
1048358
1100965
609751
1224149
1048293
1100953
1203573
1203573
1048366
1238027
1048376
1101005
2184076
1229255
1068903
1068903
2004807
1198713
1049424
1216288
1068453
1069336
678365
1068796
1131132
1402350
1068302
657761
1405909
1146921
1146921
1203570
1147111
1131129
1203608
2061527
1100950
1405948
1203564
1203564
1581174
1068889
639049
1048694
1068517
1532665
618936
618936
1422554
1068623
1777885
672910
1069722
1064219
1069732
1068910
1050170
1208638
1224190
1219207
1215808
1208631
1069313
1063820
1063820
1383195
1415387
1215767
1115728
1221001
1146872
1051227
1069338
1101096
1101096
657085
657085
1146925
1146925
1224169
1405998
781099
1101100
1198718
1198718
1069686
1068319
1208364
1147113
1068627
1406014
1220694
1220694
651560
1229321
1204181
1048290
1068847
1220677
1218275
1021010
1218318
2004840
670693
1068512
1208366
1048362
1208391
778918
1176583
1224150
1101072
1049435
1198715
1403305
1203612
1070860
1064318
1198711
1198711
1203545
1204025
1985247
1115187
1221879
1063674
1063674
1223509
1215386
1101070
1064546
1064546
1064667
1064312
1064312
1133619
1133619
1400127
1400127
1069045
1048990
1238017
1171322
1132239
1132239
1068617
1101032
1101032
1111175
1068595
1051908
1221002
1238029
1051240
1028282
1936275
1940442
1208359
665745
1064677
1069716
1146910
1203602
1050462
1204043
1219311
1223541
1068296
1064237
1068798
1222099
1132246
1215803
1069329
1132236
1132236
1215807
1831328
1973059
583067
1223538
1146934
1219323
1219323
1146455
1049618
1131106
1215766
1146899
1203559
1214542
1204046
1108353
1108353
677505
1232495
1793703
1108325
1209588
1108292
1108292
1113870
1405853
1113870
653108
1101030
1051707
1146930
1146930
1069919
1936186
814217
1064313
1219298
1069318
1209591
1209597
1203549
1216267
1048953
1220692
1215393
1026897
609959
1048469
1216278
1048305
1064408
1064408
1223507
1230009
1230009
1028723
618787
1368278
601603
1048718
1223504
1132235
649752
1221246
1221246
1050499
1221847
1221847
1203588
1216273
1064319
1064319
1068628
1405910
1061512
1380083
1454584
1418801
1778021
1100932
1163339
2243137
1412291
624466
1378934
1378934
535955
1147147
1420814
1420814
1234918
1390063
1420854
1064498
630370
1403353
1372795
1343574
1405991
1368132
1405989
1235480
1370045
1147005
1194306
1133842
1402364
1390498
1373003
1230151
897176
1370732
1194094
1230013
1212635
1403347
1403347
1373104
1403312
1403312
1724338
1235620
1215799
1215799
1576090
1405933
1373890
1230011
1412315
1372792
1395496
1176395
1405892
1373008
1403327
671505
1449700
1835328
1403308
1403321
1601403
1403376
1602673
1415023
1373100
1373100
1926382
1405990
1160091
1602687
1380078
1380078
1389130
1403348
1403348
1405916
1405916
1390514
1403393
1392836
809652
1840290
1315777
1373932
1412322
1368148
1405992
1418517
1210452
1367998
1176323
1865300
1415032
1403415
1403428
1405939
1897163
1381279
814849
1403378
1575951
1372114
1383584
1373892
1373892
1403379
1378889
1381121
1194220
1420958
1407684
1407684
613558
1392394
1211030
1532703
1407713
305078
1897050
1639780
1973112
1068618
1068618
817273
1370726
1370726
1383292
1412367
1412367
1402360
1372786
1391700
1381156
1230165
1415012
1405898
1416500
1420853
1406013
1373944
1402355
1383488
1204003
306904
505813
454093
306906
453307
453524
453524
453014
453014
455520
307524
506079
613501
447315
447315
447316
306047
535953
535953
456142
1146452
1146452
631759
631759
1101101
622970
1378949
1412288
1412288
1416577
1415037
1415037
1412283
1373017
1383559
1390574
1368094
1378915
1378739
1111899
1111899
1402411
1159911
1415010
1393020
1412227
1602618
1378918
1405820
1383400
1412280
1629580
1418574
1418574
1415030
1416033
1405952
1405952
1384312
307540
1381090
1415038
1416580
309509
1415035
307374
1051261
1418563
582196
1416586
1418810
1867963
1867963
1418474
1418503
1412324
1378731
1418471
301722
1415098
1407630
307505
446977
446975
618769
1229773
1231343
1415137
1514657
1415743
1418703
1381150
1415953
307551
1447171
1235595
1416516
1407710
1231315
1533320
1533320
1412284
1220455
1777828
1418519
1378906
1487655
1605565
1605565
1418529
1236588
1418512
1416495
1416495
1418459
1407631
1405448
1652226
1845989
1407762
668868
1405906
1418808
1415742
1415013
1726848
535931
1407648
1407787
1407787
1418826
1416446
1504186
1418828
1418828
1416442
1418494
1416499
1416499
1415040
1235768
455967
1418532
1421012
504808
455965
455965
651558
455969
1133621
1235848
1415021
1403332
1418832
1418654
1416574
1412317
1415121
1403455
649214
1412166
1402396
601405
1415131
1415131
1471705
1418754
1418646
1412370
561838
1403377
501436
1761321
596702
1403448
1403448
1051906
1068913
1372781
1956684
1175843
1405436
1418705
1405911
1420787
1415138
1415138
1420811
1576076
1418528
1139868
597799
1418018
1235356
1447135
1420762
1418514
1446842
634967
1407605
1532677
1532677
1761490
1407606
1602698
1220244
1140697
1446858
1602786
1567483
1567483
1448396
1586235
1548941
1548218
1407664
1446830
1417183
506304
1403384
1451324
1452273
1602675
582203
1602722
1422572
1452272
1527164
1530242
1494864
1777964
1419746
1402359
1602724
1596595
1946339
1576064
1048352
1549918
1753556
1761398
1638276
1602033
1602033
1549176
620225
1232503
1405873
1449733
1449733
1996763
446961
1449651
1446857
1199647
1887884
1519470
1519470
1403424
1545338
1548248
1548248
1524593
1148529
1402296
1446840
1515021
1012860
1515432
1548594
586761
1744180
1454643
1504202
1602702
1545416
1545416
597826
1638211
1221364
578248
1403375
1926618
1216282
1216282
1649203
1574109
1729410
1504179
1454751
303018
1503339
1575874
453973
1529945
1494851
308229
447320
2226434
1221006
1027829
1400509
1877260
1829409
1447057
1447057
1650252
1231259
1596627
1494872
1526889
610969
610969
1574085
1574085
1203623
1897069
1447134
1454490
1454490
597824
1534485
1403413
1719263
1378910
1487475
1487475
1070875
1100944
626602
626602
1602755
307499
1533359
1629589
1816160
1816160
1521569
1521560
1812608
1946439
1946439
1378725
1966684
1739428
507074
1849213
1446847
1070078
2413892
1229903
1443524
307552
1447053
1605208
1602904
1576077
1576077
1801827
1801827
1403316
1602771
1602771
1877311
1877311
1146964
1629630
1629630
472358
2156942
2156942
1569113
1511723
1602787
1602815
1602818
1718755
1602819
1586401
1812623
1639791
1639791
1575987
1575987
1586384
1735121
1778041
1602734
1595015
1602758
1602763
1738492
589233
608254
589085
610508
488390
488390
572271
601605
596711
601601
1447203
1761363
946346
1637150
1629743
1638322
1602870
1602870
1405849
1405849
1400959
1655471
1537594
1638319
582193
1602746
1858604
1652236
596542
1596518
1655546
1494757
1638224
1405915
1591756
1591756
1753563
1402327
1602768
1402385
1602887
1221857
1586225
1738011
1846367
1638220
1494950
1590875
1487852
2401980
1402408
1601393
1602860
1568988
1732446
596468
1601388
1601388
1064385
1064385
1602830
1602828
596892
596892
1717284
1602835
1558006
1602827
1602829
1836663
1466719
678603
623607
1846003
1846003
1602922
1208404
1454536
1586400
1602902
1602902
623122
1635843
1635843
1793777
1773722
1602930
1602929
1602916
1602920
1736037
1942667
1588252
1877312
1638272
1638272
1829421
1822551
1443118
1638216
1650247
1650248
1649218
1587220
1936162
649753
1064671
1812204
1405950
1586383
1491575
1718495
1070503
1654357
1235834
1235834
1877273
1718187
1718187
1402371
1736158
303022
303022
1069309
1069309
1736054
1401001
1401001
1719262
2047864
1373014
1627113
1643186
1956715
1729419
1717277
1761312
1485841
1846513
1846513
1637153
1511706
678592
1049166
1164492
1724910
1724352
1724352
1629410
1926409
1739414
1405923
1405923
1837462
1676369
1736152
1676165
1761483
1718817
1761493
1845890
1845890
1650254
1672373
1728148
1230018
1718491
1718491
1178425
1548837
1736151
1897096
1837461
1837461
1850851
628140
1771291
1051263
1497754
1846811
622266
622266
1175491
1636128
2364871
1936274
1936274
1761440
1761440
1208412
1773443
1761472
1718383
1952055
1735127
1652352
1581226
1724903
1378748
1378748
1843718
1843718
1840134
1699517
1672617
1723012
303028
1487693
1652262
1854580
1674778
1650697
1650697
1739477
1638221
1405931
1230159
1100954
1582686
1649173
1946407
1649191
1649191
1817710
1403323
505733
1235518
1724358
1739439
1724901
1064502
1064502
1761352
1728151
1728151
1936163
1849197
1738495
1756649
1140489
1846514
1756603
1650707
1836392
1569010
1736154
1718404
1115375
1519412
1676371
1756614
1738054
1873291
1946374
1756637
1718455
1756625
1373000
1207597
1656002
1887866
1756643
1840737
1727791
1727791
1738889
1223517
1131575
1232513
1942659
1942659
1867974
1761465
1761430
1738493
1832778
1832778
1879482
1879482
1846776
1567458
1068915
1068915
1837451
2070410
1650255
1832433
1756622
1791416
1791416
1235335
1235335
1761367
1844744
1877258
1230021
1756627
1756627
1832773
1519469
1985169
1796808
1796808
1736211
1736228
1783813
1783813
1877442
612889
2517795
1761336
1761336
1115699
2070407
1581222
1837418
1602046
1235559
1860999
1724345
1757689
1405927
1651206
1787811
1827286
1672620
1822516
1761404
1758785
1868154
1868154
1849265
1849265
1956728
1956728
1676361
1804380
1846112
1238040
1812574
1832781
1832781
1846818
1574099
1488171
1868121
1868121
1835548
1877322
1829300
1798335
1488881
1405955
1794732
1794732
1717275
1545342
1739614
1532852
1532852
1633665
1936239
1940466
1757718
1757718
1422349
583416
1576109
1773757
1757043
1757043
1629646
1827202
1147445
1849306
1672333
1936264
1946403
1504091
1942669
1936157
1829282
1936276
1858560
1936185
1936185
2237902
1840736
1744155
1403307
634439
1832428
1956688
1417735
1849014
1638212
1909445
1422565
1835324
1946328
1638210
1417723
1776987
1487769
1487769
1877343
1832763
1832763
1567538
1884936
1956714
1837213
1837213
1946325
1946325
1756607
1877333
1412531
1822576
1840735
1895314
1946345
1854635
1936278
1827297
1836987
1836987
1804824
1454548
1733781
1850709
1797879
1782720
2033815
1946373
1946373
1569084
1849935
1422308
1850708
1850708
2061658
1946429
1407758
1877298
1956738
1545498
1946443
1739427
1831279
1946427
1966679
1868177
1840038
1940420
2156982
1906953
1846244
1812536
2408588
1629673
1904732
1884948
2022755
1558015
1942580
1849799
1524594
1840053
1745996
1745996
1777998
1946436
1924398
1231312
2182423
1936187
2033720
2117358
1627746
1418952
2019313
1942675
1904751
1865584
1946440
1946428
1813727
1871814
1417431
1796829
1567573
1724348
1801750
1218278
1807423
1942676
1946447
2620047
1857671
1871632
1946307
1871705
1999647
1999647
2070409
1946366
2327774
1655506
1946321
1880949
1877297
1717282
1924500
1791552
1405987
1405987
1595338
1069710
1417428
2456142
1946432
1985184
1812776
1946389
1946389
2036743
1985173
1740782
1649202
1726952
1748819
1956713
1877274
1586233
1586233
1950488
1912953
1936262
1840154
1822542
1822542
1946323
1860990
1113013
1591872
1777987
1985182
1464530
1464530
1808945
1966602
1906985
1906909
1906909
2084993
1946314
1942664
1877477
1942581
1936165
1857400
1946333
1415365
1940336
1738057
1966635
1966635
1220670
1220670
1946441
1924488
1942590
1849947
1936176
1936176
1936295
1796791
1796791
1100913
1100913
1418561
1946442
1946365
1946365
1778023
1417766
2456126
1738878
1417751
1792691
1946421
1942593
1966689
1761282
1909477
1897045
2068313
1778024
2070582
1956690
1956690
1877331
627502
1575645
1966578
1926526
1724905
1966572
2036755
1942592
1946406
1151143
1936171
1405919
2190998
1956691
1924515
1976358
1976358
1226651
1724351
1581209
1956733
1629428
1232500
1946378
1946378
2226445
1718745
1879360
2226446
1545428
1209589
1778081
1384295
1761380
1942584
1871693
2064291
1315121
1962793
1417474
1985298
1946357
1940365
2226447
1946360
1946358
1405934
1405934
506258
506258
1415427
1739429
1643179
1946332
1382178
1940475
1940475
1405942
1744213
1950436
1962853
1946312
2138792
1942594
1946329
1405870
1956737
1946390
2036741
1402407
1402407
2036713
2036713
1887912
1951781
1790044
2182601
1581625
1403333
1966573
1815302
1884904
1946326
1887985
1962781
1962781
1946342
1946342
1901425
1966574
1966574
1956725
1956687
2117437
2156981
1946336
1924495
1777871
1962842
1417718
1417718
2393306
1952151
1845951
1985168
1946450
1655590
1581202
2138480
1737923
1737923
1744129
1966629
1946448
1861071
1861071
1956685
2070594
2070594
1962823
1786508
1786508
1966634
1890228
1772774
1576103
2226450
1966700
1890204
1890204
1829288
1956717
1956717
1446860
1936177
1936179
1638711
2008013
1736143
1931654
1651079
2033907
1722014
1946393
2097921
1877325
1877325
2020362
1807642
1877455
1494859
1946412
1846091
2487547
1985180
1930901
1933001
2333680
1946327
2036734
2016584
1897053
1996741
1895328
1946411
1966625
2036735
1845716
1962779
1494759
1494759
2036759
2156987
1985172
2033947
1936168
2070601
2070601
2175273
1753582
1655572
1718669
1150919
1150919
1962795
1968680
1968680
2423562
1930323
2036711
1926666
2061529
2020349
2100580
1732388
1932981
1897213
2060342
1972920
1875576
1516815
1718425
1718425
2022969
1897215
1761196
1962775
1956682
2518005
1836742
2455998
1761353
2295188
1976363
2036705
2019319
2019319
1524502
1868103
1836731
1936158
1936158
1131632
1950443
805021
1891464
1638207
1638207
1491435
2255461
2070447
1985170
2455461
2455461
2226464
2138745
1946338
1976369
1939945
1966622
2036732
2156903
2156905
2070448
2190991
1942661
1494906
1494906
2036748
1718767
1999620
1061543
1602029
2401934
2401934
2020167
2020167
2070555
1976368
2036730
2036746
1519461
1586388
1596523
1761301
2190992
1422601
1586398
648518
1936166
1861078
2036724
2156932
2070590
1405965
1960066
1836557
1651083
2036736
1854438
1854438
2020324
1748863
1932845
2397099
2070611
2185720
1968878
1985096
2070600
2235483
1634071
1857656
2070596
2295214
2156708
2117190
2156710
2156935
1946415
1946415
2036751
2036751
2156983
1639781
1368201
2070586
2026354
2070556
2070587
1655518
2257320
2036712
2070584
2070452
2070453
2004985
2184108
2184110
2141725
2156912
2156912
2156908
1884812
1990331
2243138
1732188
1840066
2156902
1753616
1753616
2070602
1936167
1649217
1402390
1956694
1930273
2070408
1532659
1532659
1753449
2314022
2314022
2147723
2156947
2156947
1532812
2519801
1417764
2036747
649079
1861064
2190990
1895447
2226469
1454650
2078598
2078598
1810890
2156916
1991176
2070463
1403342
2156964
2156964
1761287
2070451
676306
306487
1829359
2175293
1936181
2036718
2036718
2156970
1224174
2295213
2226471
2036793
1634083
2084992
2036745
2036740
1786661
2070597
2156994
1378744
1860956
2184070
2143980
2226472
2070591
2413881
1936184
2070583
1946334
2156984
2156984
2169877
2055228
2055228
2156918
1924455
2517985
1890481
1649228
1649228
1778033
1468484
1996934
2237925
1157279
2070411
1962852
1726845
2046894
2046894
2271582
1962082
1827322
1761174
1761174
2253396
2088473
2018590
2413915
2156972
2070598
1966636
2182520
2226480
2295197
2295255
2185717
2156954
2184130
1976367
2156992
2048159
1649159
2517829
2101653
2156915
1757285
2156953
2156953
1985185
2184072
2184072
1591845
2070442
2156925
2156925
1815743
2401585
2156913
1956795
1956795
2156718
1137424
2156933
2070462
1464526
1761277
1407699
2192270
2038723
2156711
1946375
1634125
1372789
1372789
1464588
2156968
1836570
1992588
2156959
2156719
2226487
2226487
2156962
1403440
2143652
2185734
1984961
1537586
2226489
2226489
2192273
1215447
2156946
2008195
1602718
2185711
2070605
1640623
1640623
2184073
1231384
2182633
2422507
1962791
2156963
2253379
2253379
1778084
1936170
1936170
1936332
2056111
1778073
2391074
2051948
1992885
2036749
1405907
1926524
1930695
2524798
2226494
2226496
1643121
1643121
2103048
2156969
2138665
1757147
2226499
1748752
2049008
2327676
2226500
1936189
1936189
1519457
1915256
1051710
1777834
1423118
1423118
2156922
2226503
2517777
2048106
2156956
1879407
2156949
2156949
1865303
2088533
2156950
2156921
2238906
2184046
2235489
2182460
2184031
2184031
1806676
2393103
1629429
2138425
2226507
2156702
1140695
2226508
2036720
2036720
1956681
2156717
2082389
635104
2241753
1761444
1761444
1422342
2156960
2156960
2184099
2184099
1634101
1634101
2156961
2156961
2185699
1070487
2070649
2156966
1946387
2180776
2226512
2255355
2255355
2484015
1985033
2184107
2184114
2184114
2179326
1761346
2036790
2253391
2101694
1890349
2078595
2182537
2154957
2154957
1879405
2048088
2472030
2472030
2143689
1649153
2226519
2226519
2200396
1634123
2078522
1868117
2182522
2226523
1738007
1761278
2087989
1829416
2078593
2238919
2020394
1239270
2020342
2425734
1821342
1821342
2156967
2243220
2184131
2182556
1777844
1738009
2243214
2243214
2204932
1793823
2088434
1786541
2179311
2226526
2156930
2180770
2226528
2182543
2144005
1405945
2184100
2184045
2020399
2182512
2182512
2410153
2087939
2177459
2006356
1840043
2295259
2184036
2226533
2103903
2158104
2184117
1930699
2056125
2413921
1771214
2070604
2184118
1761455
2180829
1790290
2179310
2293733
2235643
1069787
2184088
2226540
2151579
1464523
1464523
2226545
2180768
2226546
2226546
2182443
2176440
2182466
2184104
2237900
1519512
1940302
2138540
2184066
2109329
2184093
2184093
1574116
1777967
2185697
2210713
2235646
2471955
2078503
2078503
2399199
2455381
2453975
2517867
1634164
1524503
2182525
2026953
2293628
1446856
1494887
1952139
2143715
2296980
2182488
2484017
1545518
1545518
1532666
1532666
2289319
2102853
2243167
2456007
1956730
1800804
2179324
2235635
2235471
2156704
2455392
1924538
1948950
2156943
2156943
2296838
1936011
2257397
1849757
2182524
2182524
2250104
2463365
2182519
2253483
2235633
2485522
2182448
2235698
2103034
1740855
2082524
2484004
1930938
678662
2253378
2255359
2487506
2156914
2485532
2156989
2044770
2044770
2235470
596572
2255458
2295206
2143641
1204318
1204319
574434
2391110
1417717
2191002
2217782
2156909
2413923
2413923
2207856
2250106
2153734
2411766
2243199
2184095
1836697
2169320
2455320
2209294
2195785
2144015
1865463
2101616
2241596
2276550
2250096
1100978
1064478
1064478
535928
1402374
1454658
1946311
1405957
2471868
2293466
1890404
1761313
2422508
2195786
1996941
2250099
2393135
2295265
2058095
1761377
1845914
1761406
2442297
2243201
2082583
596901
2253397
2156985
2237896
2411464
2084984
2491225
2472024
2485479
2276541
2271594
2255459
2238921
2402306
2255415
2194681
2235694
2237895
2293602
2194727
2295256
2243218
2273296
2253372
2293461
2255416
2410163
1415309
1634147
1417767
2243213
2235629
2210684
2399200
2180808
2243173
2243198
2293430
1796828
2250098
2070609
2070609
2442263
2400767
2117542
1985082
1985082
2200787
1868187
2253405
2410164
2250105
2442307
2250101
1132423
2257314
2257314
2456146
2399265
1601384
2388594
2413882
2138466
2271583
2273375
2291678
2493779
2237890
1415296
2070607
2276535
1932846
1591905
1818573
2417788
2237898
2413913
2455411
2472050
2391094
1402338
2143795
2410152
2250100
1968766
2491343
1994561
2094390
1402330
1220382
2143719
2143719
1417725
2286424
1650256
2293642
1402370
1402370
1064393
1871791
1649222
2401590
2423705
2522858
2391109
2417924
1574120
2293721
2411688
2522861
2293740
2271591
2457394
2401121
2271586
2286418
2293441
2442195
1064388
613512
2293467
2156926
2243170
1778022
2224876
1956734
1961753
2456128
2243164
2276594
1723813
1368050
2522877
2399194
2296970
2625058
2088418
2442264
2401587
2271584
2483995
1532782
1601378
2297003
1111165
1111165
2329859
2391123
2237888
2456096
1412532
1926575
2212680
2413905
2455850
2084969
2276549
1415406
2526844
2157001
758155
583071
2273293
2276543
2396823
1051226
2472041
2455865
